2
calling load_lils on "matrices/input_mats/scrambled_rows2.txt":
15 15 nz:22
(0,2)-1.392500
(0,5)-0.623300
(1,9)-0.320800
(2,9)-0.785700
(4,1)-0.689400
(4,3)0.244200
(4,5)-2.101800
(4,6)-0.606700
(5,11)1.300600
(6,3)0.819000
(8,3)1.918900
(8,13)-1.100400
(9,1)-0.659200
(9,6)-1.326800
(10,7)-0.031100
(12,4)0.149600
(12,9)-0.340200
(13,2)0.728000
(13,9)0.632500
(13,11)0.493600
(14,6)0.732600
(14,13)-0.370800
calling load_lils on "matrices/input_mats/withZeroes.txt":
15 15 nz:19
(0,2)-1.392500
(0,5)-0.623300
(1,9)-0.320800
(2,9)-0.785700
(4,1)-0.689400
(4,3)0.244200
(4,5)-2.101800
(4,6)-0.606700
(6,3)0.819000
(8,3)1.918900
(8,13)-1.100400
(9,1)-0.659200
(9,6)-1.326800
(10,7)-0.031100
(12,9)-0.340200
(13,2)0.728000
(13,9)0.632500
(13,11)0.493600
(14,13)-0.370800
a_Cl = a_A+a_B addition in LIL:
8 4 nz:13
(0,2)0.265300
(0,3)-0.055200
(1,3)1.552000
(2,1)-1.415800
(2,3)2.630500
(3,2)-0.730600
(4,2)0.874500
(5,0)-2.076500
(5,1)1.107600
(5,3)-0.322700
(6,3)-0.403500
(7,0)-2.014300
(7,3)-0.806300
sa_Cl = sa_A+sa_B sparse addition in LIL:
400 410 nz:24
(1,245)-0.275900
(2,328)-0.224300
(11,248)-2.679100
(14,202)0.279100
(19,387)0.112200
(22,196)1.198100
(33,207)1.130600
(88,181)-0.195700
(120,247)0.394900
(149,113)1.194700
(154,79)0.337000
(166,85)0.318600
(185,46)-0.299600
(186,263)-0.622600
(209,364)-0.281300
(228,30)1.189600
(238,86)-1.109200
(254,366)-0.274800
(257,373)-0.141400
(275,250)0.211100
(293,189)2.259600
(321,244)0.809300
(360,128)0.043200
(367,28)-0.667100
m_Cl = m_A*m_B multiplication in LIL:
5 6 nz:21
(0,0)-0.104388
(0,1)-0.025853
(0,2)0.004161
(0,3)0.056800
(0,4)0.108843
(0,5)0.008050
(1,0)-0.006116
(1,3)0.003328
(1,4)0.006377
(2,1)-1.930881
(2,2)0.310760
(2,5)0.601205
(3,0)-0.049753
(3,1)-1.020216
(3,2)0.164196
(3,3)0.027072
(3,4)0.051877
(3,5)0.317657
(4,1)-3.130128
(4,2)0.503769
(4,5)0.974605
sm_Cl = sm_A*sm_B sparse multiplication in LIL:
900 110 nz:4
(45,56)-0.376496
(95,57)-0.215597
(289,15)-0.704490
(814,66)0.018924
saving output matrices..
